122536
122632
122728
122824
122920
123016
123112
123208
123304
123400
123496
123592
123688
123784
123880
123976
124072
124168
124264
124360
124456
124552
124648
124744
124840
124936
125032
125128
125224
125320
125416
125512
125608
125704
125800
125896
125992
126088
126184
126280
126376
126472
126568
126664
126760
126856
126952
127048
127144
127240
127336
127432
127528
127624
127720
127816
127912
128008
128104
128200
128296
128392
128488
128584
128680
128776
128872
128968
129064
129160
129256
129352
129448
129544
129640
129736
129832
129928
130024
130120
130216
130312
130408
130504
130600
130696
130792
130888
130984
131080
131176
131272
131368
131464
131560
131656
131752
131848
131944
132040
132136
132232
132328
132424
132520
132616
132712
132808
132904
133000
133096
133192
133288
133384
133480
133576
133672
133768
133864
133960
134056
134152
134248
134344
134440
134536
134632
134728
134824
134920
135016
135112
135208
135304
135400
135496
135592
135688
135784
135880
135976
136072
136168
136264
136360
136456
136552
136648
136744
136840
